v -122 177 -71
v 260 236 -8
v -135 28 -41
v 248 283 -23
v 214 218 -5
v 190 316 -10
v 214 320 -59
v 213 287 -51
v 19 173 -64
v 177 307 -21
v 207 304 46
v 261 234 -6
v -134 272 -45
v 238 236 5
v 264 286 -7
v 260 289 16
v 221 302 39
v 79 50 -22
v 100 133 19
v 93 122 24
v 81 9 -33
v 218 338 -55
v 79 50 22
v 88 36 18
v 263 234 -6
v 259 291 15
v 263 296 -36
v 251 274 9
v -77 140 -48
v 224 270 -52
v 82 35 17
v 94 25 18
v 61 128 18
v 84 131 20
v 64 111 27
v 76 105 24
v 264 243 -3
v 261 243 -7
v 64 63 -34
v 77 80 25
v -140 15 18
v 255 273 -17
v -149 18 24
v -150 17 37
v -198 213 -28
v -166 156 -11
v -116 14 49
v -110 13 44
v 207 304 -46
v 253 228 -10
v -104 15 30
v 106 281 -10
v -136 17 -48
v 222 317 -3
v -108 16 24
v -269 233 -11
v -113 15 17
v -122 12 16
v -357 238 -16
v 223 335 -46
v 259 291 -15
v 175 310 -5
v 254 279 -23
v -87 221 -63
v 230 306 28
v -159 38 -23
v 89 280 -27
v 258 291 15
v 111 131 7
v -156 283 0
v 218 338 55
v -187 259 -28
v -153 38 19
v 255 278 -19
v 47 269 -41
v 56 109 -38
v -159 33 28
v 272 256 -10
v 213 328 -52
v 251 265 -21
v -159 38 23
v 228 285 -48
v -164 70 17
v 106 11 -15
v 116 274 -37
v 263 234 6
v -177 78 33
v -179 77 30
v -144 68 -39
v -175 78 24
v -167 83 20
v -75 161 -64
v 266 244 16
v 225 329 -39
v 250 278 -30
v 250 281 12
v 267 247 19
v 92 69 -32
v -163 98 24
v -101 109 -43
v -167 108 30
v 117 11 -38
v 256 267 -15
v -167 125 30
v -169 103 34
v -170 140 -46
v -87 291 -17
v 253 252 -29
v -170 95 36
v -154 82 -18
v 270 247 -14
v 17 156 -58
v -110 13 -44
v -176 236 -52
v -106 195 -72
v 248 279 -30
v -161 91 45
v 205 312 41
v -152 139 -13
v -164 70 43
v 16 119 -14
v 264 304 32
v 246 235 0
v 240 253 -41
v -118 158 -70
v -116 26 -38
v -146 16 42
v -31 140 -43
v -153 35 41
v 203 320 0
v 259 289 16
v -147 44 42
v 212 302 -51
v -136 17 48
v -135 28 41
v -101 110 -50
v 223 335 46
v -121 23 47
v -131 24 44
v -207 245 -20
v -116 26 38
v -125 26 33
v 97 185 -70
v -112 21 42
v 255 289 -27
v 95 65 -38
v -138 116 -58
v -108 22 37
v -113 25 33
v -106 9 -30
v -108 23 29
v -70 148 -34
v -115 26 29
v 89 236 -61
v 257 281 -18
v 270 247 14
v 234 263 -49
v -118 23 19
v -123 18 15
v -136 20 -17
v 46 193 -63
v -141 68 -28
v 238 234 3
v -149 18 -24
v -132 26 21
v -76 152 -41
v -136 20 17
v 174 246 -48
v 271 241 -10
v -198 268 11
v 212 298 46
v 246 285 -38
v 251 274 -9
v 139 265 -42
v 63 126 -26
v -128 138 -7
v 266 246 19
v 268 251 17
v -143 50 37
v -118 23 -19
v 115 26 -26
v 65 48 -36
v 106 117 -44
v -151 63 43
v 212 302 51
v 245 298 -29
v -144 68 39
v 265 233 -2
v -106 107 -33
v 150 165 -40
v 68 181 -66
v 251 265 21
v -136 83 25
v 111 18 -43
v 254 270 -18
v 157 155 -1
v -149 84 47
v 260 290 -15
v -149 99 -19
v 250 266 25
v 95 102 -54
v -137 87 44
v -115 26 -29
v -108 22 -37
v -129 99 52
v 249 271 -30
v -116 104 -52
v -116 104 52
v -121 116 59
v 18 279 -26
v -197 230 -24
v 114 25 -34
v -101 120 59
v -101 110 50
v -104 10 -39
v 68 278 -3
v -48 291 -16
v 260 288 16
v -101 109 43
v 105 208 -66
v -191 200 -43
v -132 85 33
v -130 130 -12
v 78 133 -70
v 207 270 -56
v -116 137 -66
v 254 272 -17
v -106 107 33
v -117 102 25
v 268 250 17
v -54 148 -39
v 64 111 -27
v -135 96 19
v -86 127 42
v -110 130 17
v 155 208 -47
v -94 135 28
v -130 130 12
v -83 130 53
v -82 140 39
v 121 16 -27
v 87 49 -23
v -93 140 20
v -108 137 10
v -128 138 7
v -107 136 0
v -126 138 0
v -83 139 13
v -83 136 0
v -76 152 41
v -57 132 12
v -57 130 0
v -70 148 34
v -55 137 26
v -33 124 12
v -33 122 0
v -33 129 26
v -10 119 13
v -10 118 0
v -11 125 30
v 16 119 14
v 19 117 0
v 17 124 30
v 55 124 10
v 61 124 0
v 135 286 -9
v 41 128 30
v 16 135 45
v -10 135 45
v 36 137 44
v -31 140 43
v 17 156 58
v -7 156 59
v -54 148 39
v -31 160 59
v 205 218 -19
v 249 268 -28
v 265 244 16
v -77 140 48
v -75 145 56
v -69 164 54
v -50 162 57
v -69 178 61
v -75 161 64
v -84 139 63
v -100 138 66
v 22 234 -59
v -116 137 66
v 100 27 -24
v -118 158 70
v -138 116 58
v -101 169 72
v -141 155 64
v -84 173 71
v -122 177 71
v -155 282 -18
v -76 176 68
v -89 197 71
v 235 242 -34
v 266 244 -17
v -170 128 -37
v -146 175 65
v 95 23 -46
v -164 157 56
v 158 258 -46
v -135 96 -19
v -185 179 45
v 109 23 -16
v -52 193 -68
v -170 140 46
v -155 120 53
v 260 288 16
v -166 117 42
v -178 150 36
v -170 128 37
v 259 281 -18
v 67 49 -42
v 102 24 -40
v -172 147 26
v -166 156 11
v -180 163 23
v -157 153 0
v -149 146 8
v 85 15 -18
v -178 170 0
v 173 271 -47
v -183 173 9
v -189 178 19
v -191 178 33
v -195 194 16
v -191 193 -1
v 262 234 7
v -197 197 30
v -191 200 43
v -198 213 28
v -170 196 57
v -192 216 42
v 203 229 -36
v -174 219 55
v -192 232 39
v -197 230 24
v -198 213 17
v -167 108 -30
v 190 316 5
v -199 229 13
v -197 214 3
v -175 256 42
v -187 259 28
v -176 236 52
v -157 260 49
v -122 279 -35
v -154 218 61
v -126 242 63
v -134 216 65
v -127 261 55
v -107 195 72
v -111 249 -60
v 110 15 -14
v -157 274 -37
v -87 221 63
v -72 197 65
v 229 223 -6
v 127 157 -57
v -77 223 61
v 225 314 -19
v 100 27 -34
v -55 214 66
v -52 193 68
v -42 175 65
v 21 270 -39
v -77 223 -61
v -6 172 65
v 246 305 -9
v 19 173 64
v -23 192 68
v 38 156 55
v 21 191 66
v 44 175 61
v 51 157 57
v -16 215 66
v 46 139 46
v 263 234 -3
v 56 155 64
v 50 129 34
v 63 126 26
v -100 138 -66
v 50 139 58
v 56 109 38
v 215 317 -19
v -174 219 -55
v 52 124 53
v 190 251 -52
v -178 150 -36
v 259 234 -12
v 70 68 27
v 63 74 44
v 100 10 -23
v 64 63 34
v 250 236 -22
v 209 304 -57
v 64 109 61
v -141 155 -64
v 63 132 67
v 75 102 63
v -139 9 27
v 78 133 70
v -448 232 -10
v 47 253 -53
v 94 131 65
v 118 140 -57
v -163 98 -24
v 267 238 0
v 60 181 -62
v -83 130 -53
v 103 120 54
v 222 337 45
v 118 140 57
v 102 149 66
v 68 155 69
v 88 158 70
v 68 181 66
v 83 191 70
v -133 30 -30
v 60 181 62
v 97 185 70
v 71 216 65
v 88 212 68
v 46 193 63
v 16 135 -45
v 48 214 64
v 22 215 64
v 68 237 61
v 48 235 60
v 22 234 59
v 89 236 61
v 70 257 55
v 90 257 54
v 113 234 59
v 47 253 53
v 70 275 40
v -6 233 61
v 23 253 51
v 47 269 41
v 21 270 39
v -10 253 53
v -54 232 61
v -157 260 -49
v 212 298 -46
v 64 109 -61
v -69 273 37
v -81 250 52
v 50 139 -58
v -177 266 32
v -111 249 60
v -111 264 51
v -103 271 43
v -83 282 30
v 221 302 -39
v -122 279 35
v -134 272 45
v -157 274 37
v -155 282 18
v -125 287 17
v -87 291 17
v 87 55 -47
v -48 291 16
v -23 283 26
v -9 288 15
v 18 279 26
v 40 278 23
v 90 17 -48
v 41 280 11
v 136 146 -20
v 68 279 25
v 91 275 41
v 89 280 27
v 88 280 11
v 116 274 37
v 114 280 26
v 150 146 -1
v 118 255 51
v 135 286 11
v 151 293 9
v 137 283 23
v -177 266 -32
v 139 277 33
v -108 137 -10
v 153 292 21
v 175 308 14
v -127 261 -55
v 261 243 -8
v 195 313 27
v 189 308 35
v -204 257 -19
v 157 288 31
v -263 242 -17
v 188 298 44
v -33 129 -26
v 157 275 41
v -179 77 -30
v 189 284 51
v 68 155 -69
v 173 271 47
v 185 267 52
v 206 288 55
v 139 265 42
v 142 249 49
v 158 258 46
v 174 246 48
v -185 179 -45
v 190 251 52
v 159 234 48
v 181 229 43
v 134 232 54
v 105 208 66
v 250 274 -30
v 116 177 63
v 144 218 52
v 179 213 -35
v 168 219 43
v 155 208 47
v 181 229 -43
v 138 177 54
v 252 270 -27
v 150 165 40
v -159 33 -28
v 127 157 57
v -109 10 24
v 118 128 41
v 127 136 41
v 138 148 42
v 17 124 -30
v 106 117 44
v 137 147 28
v 119 132 28
v 115 137 19
v 177 192 -15
v 136 146 20
v 245 240 -4
v 134 232 -54
v 161 193 37
v 204 317 -21
v -121 23 -47
v 153 164 24
v 262 243 -9
v 109 12 -48
v 146 154 20
v 179 213 35
v 155 158 10
v 195 238 46
v 178 202 27
v 157 275 -41
v 56 155 -64
v 203 229 36
v 88 158 -70
v 210 243 49
v 63 132 -67
v -192 232 -39
v 208 255 55
v 207 270 56
v 71 216 -65
v -109 10 -24
v 228 285 48
v 213 287 51
v 103 120 -54
v 224 270 52
v 234 263 49
v -136 9 41
v 236 294 39
v 246 285 38
v -191 272 0
v 258 295 -11
v 245 298 29
v 157 288 -31
v -477 234 -9
v 38 156 -55
v 161 193 -37
v -132 85 -33
v 246 305 9
v 258 295 12
v 267 246 -19
v 213 328 52
v -137 87 -44
v 256 268 23
v 159 234 -48
v 270 248 14
v 263 286 10
v 255 289 27
v -473 240 -14
v -147 44 -42
v 222 337 -45
v 265 239 5
v 257 240 -6
v 63 74 -44
v 248 276 35
v 259 225 1
v -125 26 -33
v 266 247 19
v -141 35 -21
v -115 8 21
v -197 197 -30
v 253 279 23
v 251 278 26
v 254 278 22
v 254 278 20
v 209 304 57
v 249 278 28
v 73 44 -23
v 212 311 -32
v 22 215 -64
v 254 275 19
v -179 274 -16
v -42 175 -65
v 50 129 -34
v 253 270 -24
v 253 273 18
v 260 279 15
v 212 311 32
v 206 323 -42
v 85 76 -27
v -197 242 23
v 252 270 19
v 197 292 -54
v -104 15 -30
v -199 223 -9
v 36 137 -44
v -176 80 -34
v -164 70 -17
v 252 270 21
v 252 270 24
v 215 317 19
v -121 116 -59
v 250 277 -10
v 251 270 26
v 81 15 -42
v -101 169 -72
v 249 272 28
v -265 251 -15
v -50 162 -57
v 266 244 -16
v 116 11 -25
v 249 274 29
v 248 276 29
v 247 237 0
v 253 268 30
v 248 282 27
v -119 7 -45
v -170 196 -57
v 261 234 6
v -143 50 -37
v 249 265 36
v 214 320 59
v 153 164 -24
v 241 309 0
v 240 253 41
v 259 289 -16
v 269 240 0
v 211 325 -39
v 253 252 29
v 46 139 -46
v 268 239 -2
v -478 233 0
v 258 259 24
v 256 268 14
v -23 283 -26
v -31 160 -59
v 249 283 -15
v -69 273 -37
v -172 147 -26
v 250 236 22
v -142 82 -20
v -119 7 45
v 268 274 4
v -7 156 -59
v 139 277 -33
v 269 251 -17
v 248 282 -27
v -131 12 48
v 86 87 -56
v -146 175 -65
v 211 325 39
v 252 234 -17
v -83 282 -30
v 212 318 33
v -75 145 -56
v 76 15 -29
v 263 243 -8
v 229 311 -25
v 204 312 -58
v -183 173 -9
v 267 246 19
v 188 298 -44
v 255 275 -30
v 189 284 -51
v 248 284 -19
v 242 239 6
v -149 84 -47
v -93 140 -20
v 274 248 4
v 273 255 4
v 276 258 6
v 96 16 -14
v 258 291 -15
v 269 249 18
v 249 268 28
v -170 103 -35
v 251 270 11
v 260 290 15
v 17 287 0
v -136 9 -41
v 275 251 -3
v 265 244 -16
v 261 243 24
v 264 304 -32
v 263 236 17
v 255 275 -17
v -139 9 -27
v 261 243 7
v -111 264 -51
v -6 233 -61
v 71 62 -48
v 269 238 7
v 250 277 10
v -145 51 -20
v 249 271 30
v 259 234 12
v -167 83 -20
v 269 247 -14
v 197 308 -53
v 267 243 0
v 255 278 -21
v 229 311 25
v -132 26 -21
v 52 124 -53
v 251 267 -13
v 260 288 -16
v -196 194 -17
v -189 178 -19
v 248 283 23
v 93 41 -41
v -10 253 -53
v 259 290 -16
v -179 274 16
v 253 278 -27
v 253 234 17
v -33 124 -12
v -382 231 -11
v 250 232 4
v 48 214 -64
v 256 270 14
v 251 272 -29
v 258 259 -24
v -144 68 -21
v -450 239 -15
v -131 24 -44
v 266 235 8
v 264 237 -1
v -449 246 -14
v -115 8 -21
v 267 232 -2
v 41 128 -30
v 258 238 -7
v 253 228 10
v -69 178 -61
v -153 38 -19
v 266 243 -3
v -175 78 -24
v 142 249 -49
v 230 224 7
v 77 80 -25
v -140 15 -18
v 211 218 10
v 188 205 -18
v 264 243 0
v 205 218 19
v -84 139 -63
v 190 206 16
v 227 227 16
v 177 193 16
v -167 125 -30
v 164 169 3
v 235 242 34
v 206 224 29
v -155 120 -53
v 70 275 -40
v 178 202 -27
v 55 124 -10
v -16 215 -66
v 146 155 -21
v 195 313 -27
v 144 218 -52
v 251 265 17
v -153 35 -41
v -114 8 29
v 103 118 31
v 86 105 27
v 185 267 -52
v -131 12 -48
v 266 246 -19
v 95 105 34
v 98 102 45
v -9 288 -15
v 85 76 27
v 226 309 28
v 95 102 54
v 251 270 -11
v 260 290 15
v 86 87 56
v 93 80 48
v 265 233 2
v -10 119 -13
v 118 255 -51
v 80 58 49
v 71 62 48
v 87 55 47
v 90 257 -54
v 93 41 41
v 263 296 36
v 95 65 38
v 92 69 32
v 87 49 23
v -127 290 0
v 93 40 26
v 97 37 33
v 221 321 28
v 238 236 -5
v 90 35 45
v -110 130 -17
v -207 235 -13
v 83 36 46
v -82 140 -39
v -362 246 -15
v 114 280 -26
v 95 23 46
v -154 218 -61
v 98 102 -45
v -164 157 -56
v -108 23 -29
v -113 15 -17
v 206 224 -29
v 83 191 -70
v -114 8 -29
v 72 43 43
v -84 173 -71
v -103 271 -43
v 80 58 -49
v -161 91 -45
v 76 27 21
v -125 287 -17
v 73 44 23
v 119 132 -28
v 68 44 34
v -152 72 -17
v -197 242 -23
v 65 48 36
v 260 290 -15
v 44 175 -61
v 70 68 -27
v 67 49 42
v 106 21 -48
v 106 21 48
v -363 252 -9
v 111 18 43
v -147 114 -16
v 113 24 40
v 88 36 -18
v 118 128 -41
v 205 320 -52
v 98 11 -47
v 114 25 34
v 168 219 -43
v 102 149 -66
v 82 35 -17
v 109 11 -42
v 21 191 -66
v 115 26 26
v -122 12 -16
v -172 66 -34
v 204 312 58
v 120 16 -33
v 259 290 16
v 91 275 -41
v 210 243 -49
v 268 251 17
v -129 99 -52
v 260 288 -16
v 101 27 27
v 263 243 8
v 109 23 16
v 23 253 -51
v -175 256 -42
v 137 283 -23
v 99 27 37
v 61 128 -18
v -104 10 39
v 204 317 21
v 68 237 -61
v 90 7 -30
v 265 243 -6
v 266 244 17
v 94 25 -18
v 101 15 -50
v 260 289 -16
v -142 82 20
v -141 68 28
v -144 68 21
v -6 172 -65
v -134 216 -65
v 261 243 6
v -140 51 30
v -133 30 30
v -14 293 0
v 249 283 15
v 261 243 -24
v -152 139 13
v 90 35 -45
v -147 114 16
v 116 177 -63
v -149 99 19
v 197 292 54
v 248 275 31
v -154 82 18
v 268 251 -17
v -152 72 17
v -145 51 20
v 262 243 9
v -141 35 21
v -23 192 -68
v 94 129 -8
v 84 131 -20
v 93 122 -24
v -166 117 -42
v 217 329 36
v 51 157 -57
v 266 233 0
v 209 323 33
v 76 27 -21
v 206 323 42
v -101 120 -59
v 68 44 -34
v 230 306 -28
v 205 320 52
v 197 308 53
v 256 268 -23
v 96 16 14
v 266 273 -6
v 110 15 14
v 237 236 3
v 116 18 20
v 77 14 -37
v -251 260 -9
v 120 16 29
v 120 15 38
v -89 295 0
v 109 12 48
v -117 102 -25
v 101 15 50
v -83 139 -13
v 90 17 48
v 81 15 42
v 77 14 37
v 76 15 29
v -126 242 -63
v 85 15 18
v 109 11 42
v 195 238 -46
v 238 235 -5
v 98 11 47
v 270 248 -14
v 260 289 16
v 209 323 -33
v 115 10 36
v 251 265 -17
v 250 281 -12
v 116 11 25
v 263 233 -10
v 100 10 23
v 70 257 -55
v 106 11 15
v 261 243 -6
v 258 291 -15
v 90 7 30
v 189 203 -5
v 250 266 -25
v 250 276 -30
v 138 148 -42
v 81 9 33
v 40 278 -23
v 83 36 -46
v 208 255 -55
v -81 250 -52
v 265 244 17
v 97 37 -33
v 269 247 14
v 217 329 -36
v -203 228 0
v 225 314 19
v -207 235 13
v 219 337 55
v 225 329 39
v 278 258 -4
v -229 229 0
v -207 245 20
v -204 257 19
v -465 251 -8
v 69 279 -26
v -108 16 -24
v 113 234 -59
v 205 312 -41
v -269 233 11
v -116 14 -49
v -263 242 17
v -112 21 -42
v -251 260 9
v -246 264 0
v -164 70 -43
v 258 291 -15
v 249 265 -36
v -265 251 15
v 127 136 -41
v -57 132 -12
v 93 40 -26
v 267 247 -19
v 262 234 -7
v -113 25 -33
v 236 294 -39
v 137 147 -28
v 265 299 -34
v 153 292 -21
v -191 178 -33
v -136 83 -25
v -357 238 16
v -86 127 -42
v -123 18 -15
v -336 256 0
v -382 231 11
v -326 226 0
v -364 252 9
v 265 244 -17
v 258 291 15
v 257 281 18
v 248 275 -31
v 48 235 -60
v -55 137 -26
v -72 197 -65
v 226 309 -28
v -106 9 30
v -393 254 0
v 112 281 10
v 256 270 -14
v -192 216 -42
v 248 279 30
v -412 228 0
v -362 246 15
v -450 239 15
v -198 268 -11
v 259 239 6
v 41 281 -7
v 237 236 -3
v -448 232 10
v -465 230 0
v -94 135 -28
v 116 18 -20
v 261 243 8
v -449 252 8
v -465 254 0
v 267 250 -20
v 238 234 -3
v 72 43 -43
v 206 288 -55
v 251 267 13
v 265 239 -5
v -198 212 -14
v -76 176 -68
v -477 234 9
v -49 296 0
v -465 246 14
v -473 240 14
v -481 243 9
v -484 242 -4
v 163 171 -11
v -475 246 -13
v -475 250 7
v 88 212 -68
v 266 243 3
v -478 250 -4
v 116 21 -40
v -69 164 -54
v 212 318 -33
v 219 337 -55
v -54 232 -61
v 263 234 0
v 269 247 14
v 94 131 -65
v 93 80 -48
v 260 289 -16
v 263 239 3
v 227 227 -16
v -11 125 -30
v -149 146 -8
v 138 177 -54
v 75 102 -63
v -151 63 -43
v 258 291 15
v -10 135 -45
v -55 214 -66
v 189 308 -35
v 268 250 -17
v -150 17 -37
v 269 251 17
v -200 232 -14
v 264 243 3
v 259 236 9
v -140 51 -30
v 266 247 -19
v -180 163 -23
v 255 275 30
v 247 275 -35
v 268 251 -17
v -89 197 -71
v -146 16 -42
v 269 247 -14
v 248 284 19
v 116 131 -1
v 100 133 -19
v 139 139 0
v 115 137 -19
v 238 235 5
v 265 299 34
v 263 236 -17
v 86 105 -27
v 76 105 -24
v 103 118 -31
v 151 294 -7
v 221 321 -28
v 95 105 -34
